6
coli_NP_4 0.000000 0.282657 1.180138 1.171534 1.048133 1.012083
subtilis 0.282657 0.000000 1.139331 1.117689 1.020165 0.979928
human_NP 1.180138 1.139331 0.000000 0.164252 0.561771 0.569991
yeast_CAA 1.171534 1.117689 0.164252 0.000000 0.562113 0.583407
methanosa 1.048133 1.020165 0.561771 0.562113 0.000000 0.374102
haloarcul 1.012083 0.979928 0.569991 0.583407 0.374102 0.000000